12,34,56,78,89,67,45,12,34,56,78,89,67,45,12,34,56,78,89,67,45,12,34,56,78,89,67,45,12,34,56,78,89,67,45,12,34,56,78,89,67,45,12,34,56,78,89,67,45,12,34,56,78,89,67,45,12,34,56,78,89,67,45,12,34,56,78,89,67,45,12,34,56,78,89,67,45,12,34,56,78,89,67,45,12,34,56,78,89,67,45,12,34,56,78,89,67,45,12,34,56,78,89,67,45,12,34,56,78,89,67,45,
12,34,56,78,89,67,45,12,34,56,78,89,67,45,12,34,56,78,89,67,45,12,34,56,78,89,67,45,12,34,56,78,89,67,45,12,34,56,78,89,67,45,
12,34,56,78,89,67,45,12,34,56,78,89,67,45,12,34,56,78,89,67,45,12,34,56,78,89,67,45,12,34,56,78,89,67,45,12,34,56,78,89,67,45,
12,34,56,78,89,67,45,12,34,56,78,89,67,45,12,34,56,78,89,67,45,12,34,56,78,89,67,45,12,34,56,78,89,67,45,
12,34,56,78,89,67,45,12,34,56,78,89,67,45,12,34,56,78,89,67,45,12,34,56,78,89,67,45,
12,34,56,78,89,67,45,12,34,56,78,89,67,45,12,34,56,78,89,67,45,
12,34,56,78,89,67,45,12,34,56,78,89,67,45,12,34,56,78,89,67,45,12,34,56,78,89,67,45,12,34,56,78,89,67,45,12,34,56,78,89,67,45,12,34,56,78,89,67,45,
12,34,56,78,89,67,45,12,34,56,78,89,67,45,12,34,56,78,89,67,45,12,34,56,78,89,67,45,12,34,56,78,89,67,45,
12,34,56,78,89,67,45,12,34,56,78,89,67,45,12,34,56,78,89,67,45,12,34,56,78,89,67,45,12,34,56,78,89,67,45,
12,34,56,78,89,67,45,12,34,56,78,89,67,45,12,34,56,78,89,67,45,12,34,56,78,89,67,45,12,34,56,78,89,67,45,
12,34,56,78,89,67,45,12,34,56,78,89,67,45,12,34,56,78,89,67,45,12,34,56,78,89,67,45,
12,34,56,78,89,67,45